0
201
402
603
804
1005
1205
1406
1606
1806
2006
2205
2404
2603
2801
2999
3196
3393
3590
3786
3981
4176
4370
4563
4756
4948
5139
5330
5520
5708
5897
6084
6270
6455
6639
6823
7005
7186
7366
7545
7723
7900
8076
8250
8423
8595
8765
8935
9102
9269
9434
9598
9760
9921
10080
10238
10394
10549
10702
10853
11003
11151
11297
11442
11585
11727
11866
12004
12140
12274
12406
12537
12665
12792
12916
13039
13160
13279
13395
13510
13623
13733
13842
13949
14053
14155
14256
14354
14449
14543
14635
14724
14811
14896
14978
15059
15137
15213
15286
15357
15426
15493
15557
15619
15679
15736
15791
15843
15893
15941
15986
16029
16069
16107
16143
16176
16207
16235
16261
16284
16305
16324
16340
16353
16364
16373
16379
16383
16384
16383
16379
16373
16364
16353
16340
16324
16305
16284
16261
16235
16207
16176
16143
16107
16069
16029
15986
15941
15893
15843
15791
15736
15679
15619
15557
15493
15426
15357
15286
15213
15137
15059
14978
14896
14811
14724
14635
14543
14449
14354
14256
14155
14053
13949
13842
13733
13623
13510
13395
13279
13160
13039
12916
12792
12665
12537
12406
12274
12140
12004
11866
11727
11585
11442
11297
11151
11003
10853
10702
10549
10394
10238
10080
9921
9760
9598
9434
9269
9102
8935
8765
8595
8423
8250
8076
7900
7723
7545
7366
7186
7005
6823
6639
6455
6270
6084
5897
5708
5520
5330
5139
4948
4756
4563
4370
4176
3981
3786
3590
3393
3196
2999
2801
2603
2404
2205
2006
1806
1606
1406
1205
1005
804
603
402
201
0
65335
65134
64933
64732
64531
64331
64130
63930
63730
63530
63331
63132
62933
62735
62537
62340
62143
61946
61750
61555
61360
61166
60973
60780
60588
60397
60206
60016
59828
59639
59452
59266
59081
58897
58713
58531
58350
58170
57991
57813
57636
57460
57286
57113
56941
56771
56601
56434
56267
56102
55938
55776
55615
55456
55298
55142
54987
54834
54683
54533
54385
54239
54094
53951
53809
53670
53532
53396
53262
53130
52999
52871
52744
52620
52497
52376
52257
52141
52026
51913
51803
51694
51587
51483
51381
51280
51182
51087
50993
50901
50812
50725
50640
50558
50477
50399
50323
50250
50179
50110
50043
49979
49917
49857
49800
49745
49693
49643
49595
49550
49507
49467
49429
49393
49360
49329
49301
49275
49252
49231
49212
49196
49183
49172
49163
49157
49153
49152
49153
49157
49163
49172
49183
49196
49212
49231
49252
49275
49301
49329
49360
49393
49429
49467
49507
49550
49595
49643
49693
49745
49800
49857
49917
49979
50043
50110
50179
50250
50323
50399
50477
50558
50640
50725
50812
50901
50993
51087
51182
51280
51381
51483
51587
51694
51803
51913
52026
52141
52257
52376
52497
52620
52744
52871
52999
53130
53262
53396
53532
53670
53809
53951
54094
54239
54385
54533
54683
54834
54987
55142
55298
55456
55615
55776
55938
56102
56267
56434
56601
56771
56941
57113
57286
57460
57636
57813
57991
58170
58350
58531
58713
58897
59081
59266
59452
59639
59828
60016
60206
60397
60588
60780
60973
61166
61360
61555
61750
61946
62143
62340
62537
62735
62933
63132
63331
63530
63730
63930
64130
64331
64531
64732
64933
65134
65335
